8 11
0 1 5
0 6 10
1 2 4
2 1 7
3 2 9
3 4 8
6 3 15
6 4 13
6 5 28
6 7 3
7 0 20



###############################################

8 16
0 1 9
0 4 2
1 0 9
1 2 1
2 1 1
2 4 2
2 5 4
3 7 6
4 0 2
4 2 2
5 2 4
5 7 6
6 7 2
7 3 6
7 5 6
7 6 2
#################################################



4 8
0 3 8
0 1 15
0 2 3
3 0 8
1 0 15
2 0 3
1 2 6
2 1 6



#########################################################################################################
8 12
0 3 9
0 4 3
1 2 5
1 5 7
1 6 9
2 5 9
2 6 5
3 1 5
3 7 6
5 1 7
5 6 5
7 5 4

Distance to self is always 0
Distance to 1 is 14 and path is 0->3->1
Distance to 2 is 19 and path is 0->3->1->2
Distance to 3 is  9 and path is 0->3
Distance to 4 is  3 and path is 0->4
Distance to 5 is 19 and path is 0->3->7->5
Distance to 6 is 23 and path is 0->3->1->6
Distance to 7 is 15 and path is 0->3->7
##########################################################################################################


